449545555
541443636
904844948
308943068
093443103
405744287
569344023
626744401
801744601
398644858
016445096
867743883
689743846
748201850
794145851
201544087
620843547
584845847
128301413
167501654
607044577
348645716
516945487
408701949
699045871
656444999
430445858
680744075
769643061
585345595
274801185
558143024
915643359
909901042
288601899
274201890
867045411
485544773
366943278
830601460
880844269
878201280
305145345
877345125
086345266
707501127
491843087
633543771
581944319
528945252
730745005
327401882
728744207
673843991
642043081
099245539
258945989
170201043
454945636
693043916
328444563
434145393
091943144
324844735
854001363
260144616
366843612
189343363
803045111
701301308
817945593
291545672
032443951
011801567
118701919
614601254
249343891
864101484
793445303
206544151
664101364
239444507
233544324
163901609
016344865
518101776
900201819
194344386
627544524
196101651
574343648
695001194
799344221
586843781
040101903
414801861
136443287
894244246
770745394
361601584